[300.04866140342006, 79.34959349593495],
[350.42332504160163, 79.91869918699187],
[399.1613625411046, 80.5081300813008],
[496.18210930673985, 81.21951219512195],
[598.2775863274417, 81.7479674796748],
[696.8092690656288, 82.1951219512195],
[798.2074560232027, 82.47967479674796],
[899.2772842561774, 82.72357723577235],
[999.23344222519, 82.8048780487805],
[1293.2451841016364, 83.08943089430895],
[1614.5872340371357, 83.130081300813],
[1999.1137042295366, 83.08943089430895],
[2461.6475887116353, 82.86585365853658],
[2989.492801458971, 82.58130081300813],
[3463.2183241994544, 82.35772357723577],
[3989.925944159387, 82.03252032520325],
[4982.174608931775, 81.46341463414635],
[6067.777953794031, 80.89430894308943],
[7514.179668330826, 80.22357723577235],
[9947.137230739272, 79.14634146341463]
